PheCode1 x1 sex IID
0 32 0 1
0 54 1 2
0 34 0 3
0 28 1 4
0 32 1 5
0 52 0 6
0 34 1 7
0 30 0 8
0 49 1 9
0 40 1 10
0 42 0 11
0 26 0 12
0 53 1 13
0 38 0 14
0 43 1 15
1 36 0 16
0 47 0 17
0 52 0 18
0 40 1 19
0 34 0 20
0 46 0 21
0 35 0 22
0 42 1 23
0 53 1 24
0 53 1 25
0 27 0 26
0 33 1 27
0 42 0 28
0 44 0 29
0 47 1 30
0 46 1 31
0 50 1 32
0 39 0 33
0 34 0 34
0 25 0 35
0 38 0 36
0 37 1 37
0 43 1 38
0 33 1 39
0 33 0 40
0 34 0 41
0 30 1 42
0 51 1 43
0 46 1 44
0 35 1 45
0 40 0 46
0 45 0 47
0 48 1 48
0 36 0 49
0 38 1 50
0 34 1 51
0 44 0 52
0 31 1 53
0 52 0 54
0 31 0 55
0 45 1 56
0 42 1 57
0 54 1 58
0 52 0 59
0 29 1 60
0 36 0 61
0 25 0 62
0 45 0 63
0 33 1 64
0 48 0 65
0 45 0 66
0 51 0 67
0 47 1 68
0 33 0 69
0 39 1 70
0 40 0 71
0 34 0 72
0 49 1 73
0 41 1 74
0 37 1 75
0 38 0 76
0 46 0 77
0 26 0 78
0 41 1 79
0 54 1 80
0 26 0 81
0 43 1 82
0 41 0 83
0 47 1 84
0 34 1 85
0 46 0 86
1 34 0 87
0 35 0 88
0 52 1 89
0 44 1 90
0 43 1 91
0 32 1 92
0 31 1 93
0 43 0 94
0 55 1 95
0 26 1 96
0 54 1 97
0 54 1 98
0 47 1 99
1 38 1 100
1 37 1 101
0 53 1 102
0 45 1 103
0 43 1 104
0 51 0 105
0 39 0 106
0 35 0 107
0 32 0 108
0 46 0 109
0 32 1 110
0 42 1 111
0 38 1 112
0 32 0 113
0 41 1 114
1 32 1 115
0 32 1 116
0 54 1 117
0 42 1 118
0 37 1 119
0 27 0 120
0 29 0 121
0 42 1 122
0 37 1 123
0 49 0 124
0 40 1 125
0 42 1 126
0 33 1 127
0 39 1 128
0 44 1 129
0 46 1 130
0 44 0 131
0 35 0 132
0 29 1 133
0 27 0 134
0 29 0 135
0 46 0 136
0 47 0 137
0 27 0 138
0 43 0 139
0 54 1 140
0 38 1 141
0 50 0 142
0 25 0 143
0 46 0 144
0 34 0 145
0 49 0 146
0 48 0 147
0 29 0 148
0 28 1 149
0 31 0 150
0 47 0 151
0 52 0 152
1 26 0 153
0 28 0 154
0 30 0 155
0 25 1 156
0 29 1 157
0 47 1 158
0 45 0 159
0 54 1 160
0 26 1 161
0 28 0 162
0 33 0 163
0 29 0 164
0 37 1 165
0 35 1 166
1 40 1 167
0 28 0 168
0 35 1 169
0 28 1 170
0 49 1 171
0 54 1 172
0 28 1 173
1 39 1 174
0 37 1 175
0 48 1 176
0 48 1 177
0 44 1 178
0 46 1 179
0 33 0 180
0 26 1 181
0 54 1 182
0 52 1 183
0 50 1 184
0 53 0 185
0 30 0 186
1 36 1 187
1 29 1 188
0 39 0 189
1 27 0 190
0 53 0 191
0 51 0 192
0 41 1 193
0 53 0 194
0 32 1 195
0 31 1 196
0 35 1 197
1 44 0 198
0 37 1 199
0 46 1 200
0 52 0 201
0 37 0 202
0 28 0 203
1 53 0 204
0 36 1 205
0 52 0 206
0 43 0 207
0 47 1 208
0 45 1 209
0 27 1 210
0 33 0 211
0 45 0 212
0 49 0 213
0 32 0 214
0 37 0 215
0 44 0 216
0 30 1 217
0 50 1 218
0 53 0 219
0 30 1 220
0 40 0 221
1 44 0 222
0 41 0 223
0 29 0 224
0 36 1 225
0 37 1 226
0 54 0 227
0 51 0 228
0 38 0 229
0 29 1 230
0 40 1 231
0 30 0 232
0 35 0 233
0 42 0 234
0 41 0 235
1 54 0 236
0 35 1 237
0 29 1 238
1 54 1 239
1 34 1 240
0 36 0 241
0 30 0 242
0 47 0 243
0 49 0 244
0 47 0 245
0 54 0 246
0 48 0 247
0 36 1 248
1 39 1 249
0 31 0 250
0 53 1 251
0 52 1 252
0 38 0 253
1 42 0 254
0 40 0 255
0 43 0 256
0 50 1 257
0 29 0 258
0 41 1 259
0 43 0 260
0 31 1 261
0 47 1 262
0 30 0 263
0 49 0 264
0 37 1 265
0 37 1 266
0 50 0 267
0 34 0 268
0 33 0 269
0 29 1 270
0 51 1 271
0 25 0 272
0 52 0 273
0 49 1 274
0 51 1 275
0 43 0 276
0 34 1 277
0 29 0 278
0 42 1 279
0 45 0 280
0 25 0 281
0 28 0 282
0 50 0 283
0 53 0 284
0 51 0 285
1 51 0 286
0 51 1 287
0 41 0 288
0 49 1 289
0 48 0 290
0 50 1 291
0 53 1 292
0 47 0 293
0 45 0 294
0 55 1 295
1 42 1 296
0 33 1 297
0 50 1 298
0 31 1 299
1 45 1 300
1 35 1 301
0 29 0 302
0 53 0 303
1 54 0 304
0 30 1 305
0 49 0 306
0 49 1 307
0 45 0 308
0 42 0 309
0 37 1 310
0 27 1 311
0 54 0 312
0 46 0 313
0 29 1 314
1 39 1 315
1 53 0 316
0 34 1 317
0 50 0 318
0 33 1 319
0 28 0 320
0 36 1 321
0 46 1 322
0 48 0 323
0 29 1 324
0 37 0 325
0 53 1 326
0 46 0 327
0 45 1 328
0 53 0 329
0 27 1 330
0 34 0 331
0 35 0 332
0 34 1 333
0 35 0 334
0 26 1 335
0 45 0 336
0 32 0 337
0 28 1 338
1 47 0 339
0 43 0 340
0 45 0 341
0 52 1 342
0 42 1 343
0 48 0 344
0 53 0 345
0 28 0 346
0 31 0 347
0 27 1 348
0 34 1 349
0 54 1 350
0 35 0 351
0 51 1 352
0 41 0 353
0 26 0 354
0 52 0 355
0 29 0 356
0 41 0 357
0 47 1 358
0 34 1 359
0 43 0 360
0 36 1 361
0 28 0 362
0 32 0 363
0 34 1 364
0 44 1 365
0 50 0 366
0 44 1 367
0 29 0 368
0 43 1 369
0 53 0 370
0 47 1 371
1 52 0 372
0 33 0 373
0 35 1 374
0 51 0 375
0 46 1 376
0 47 0 377
0 35 1 378
0 31 0 379
0 38 0 380
0 53 0 381
0 40 0 382
0 29 1 383
0 33 0 384
1 42 1 385
0 53 1 386
0 51 0 387
0 50 1 388
0 51 1 389
0 43 1 390
0 51 0 391
0 44 1 392
0 26 1 393
0 50 0 394
0 47 1 395
1 34 1 396
0 50 1 397
0 48 1 398
0 31 0 399
0 49 0 400
0 41 0 401
0 54 1 402
1 38 1 403
1 35 1 404
0 41 1 405
1 41 1 406
0 42 0 407
0 51 0 408
0 48 1 409
0 34 0 410
0 33 1 411
0 28 1 412
0 53 1 413
0 49 1 414
0 42 1 415
0 40 0 416
0 39 1 417
0 54 1 418
0 36 1 419
0 26 0 420
0 31 0 421
0 42 0 422
0 45 1 423
0 55 1 424
0 30 1 425
0 29 0 426
0 34 1 427
0 35 0 428
1 36 1 429
1 39 1 430
0 44 0 431
0 41 1 432
0 52 1 433
0 33 0 434
0 52 1 435
0 36 0 436
0 33 1 437
0 55 0 438
0 45 1 439
0 43 1 440
0 29 0 441
0 37 1 442
0 50 1 443
0 51 1 444
0 44 1 445
0 41 0 446
0 35 0 447
0 52 0 448
0 53 0 449
0 52 0 450
0 41 1 451
1 36 1 452
0 49 0 453
1 28 0 454
0 41 0 455
1 44 0 456
0 44 0 457
0 45 1 458
0 48 0 459
0 44 0 460
0 37 0 461
0 40 0 462
0 46 1 463
0 40 1 464
0 25 0 465
0 41 1 466
0 28 0 467
0 53 0 468
0 47 1 469
0 32 0 470
0 30 1 471
0 42 1 472
0 48 0 473
0 47 1 474
0 32 0 475
0 40 1 476
0 29 1 477
0 41 1 478
0 54 0 479
1 32 0 480
0 41 1 481
0 37 1 482
0 54 0 483
0 35 0 484
0 49 0 485
0 34 0 486
0 38 1 487
1 40 0 488
0 47 1 489
0 52 0 490
0 39 1 491
0 36 1 492
0 30 0 493
0 52 1 494
0 50 0 495
0 38 1 496
0 44 1 497
0 33 1 498
0 30 1 499
0 35 1 500
0 49 1 501
0 33 0 502
0 54 0 503
0 43 0 504
0 45 0 505
0 46 1 506
0 41 1 507
0 26 0 508
0 26 1 509
0 46 0 510
0 48 1 511
0 31 0 512
1 41 1 513
0 34 0 514
0 33 0 515
0 51 1 516
0 35 1 517
0 26 1 518
0 46 0 519
1 36 1 520
0 27 0 521
0 48 1 522
0 55 1 523
0 48 1 524
0 40 0 525
0 28 0 526
0 37 1 527
0 53 1 528
0 27 0 529
0 42 1 530
0 26 0 531
0 46 1 532
0 31 0 533
0 47 1 534
0 49 1 535
0 44 0 536
0 38 0 537
1 41 1 538
0 36 1 539
0 47 1 540
0 44 0 541
1 45 0 542
0 27 1 543
0 31 1 544
0 39 0 545
0 53 1 546
0 36 0 547
0 36 0 548
0 51 1 549
0 39 1 550
0 38 1 551
0 34 1 552
0 41 1 553
0 46 0 554
0 33 0 555
0 27 1 556
1 42 0 557
0 41 0 558
0 49 0 559
0 55 1 560
0 41 0 561
0 44 0 562
0 33 0 563
0 49 1 564
0 39 1 565
1 29 0 566
0 36 0 567
0 43 0 568
0 41 0 569
0 48 1 570
0 40 1 571
0 41 0 572
0 27 0 573
0 40 1 574
0 55 0 575
0 45 0 576
0 37 0 577
0 44 1 578
0 31 0 579
0 36 0 580
0 40 0 581
0 47 0 582
0 29 0 583
0 37 0 584
0 29 0 585
0 39 0 586
0 41 1 587
0 52 0 588
0 48 1 589
0 25 0 590
0 36 1 591
0 31 1 592
0 39 1 593
0 32 1 594
0 28 0 595
0 41 0 596
0 34 0 597
0 31 0 598
0 37 1 599
0 40 1 600
0 30 1 601
0 42 0 602
0 37 1 603
0 46 1 604
0 27 0 605
1 34 1 606
0 35 1 607
0 26 1 608
0 31 1 609
0 41 1 610
0 26 1 611
0 43 0 612
0 35 0 613
0 34 1 614
0 51 0 615
0 52 1 616
0 48 0 617
0 46 0 618
1 53 1 619
0 47 1 620
0 48 0 621
0 44 1 622
0 34 1 623
0 29 1 624
0 44 0 625
0 44 1 626
0 41 0 627
0 49 1 628
0 40 0 629
0 48 0 630
1 28 0 631
0 28 0 632
0 33 0 633
0 36 0 634
0 48 0 635
0 39 0 636
0 37 1 637
1 29 1 638
0 30 0 639
0 41 1 640
0 39 0 641
0 37 1 642
1 37 0 643
0 55 1 644
0 49 1 645
1 38 0 646
0 28 1 647
0 54 1 648
0 26 1 649
0 25 0 650
0 35 0 651
0 52 0 652
0 32 1 653
0 28 0 654
0 46 1 655
0 31 0 656
0 26 1 657
0 44 1 658
0 36 0 659
0 43 0 660
0 35 0 661
0 49 0 662
0 45 0 663
0 39 1 664
0 40 0 665
0 26 0 666
0 33 1 667
0 25 0 668
0 45 0 669
0 28 1 670
0 46 0 671
0 33 0 672
0 43 1 673
0 31 1 674
0 32 1 675
0 44 1 676
0 51 0 677
0 46 1 678
0 52 1 679
0 50 1 680
0 44 0 681
0 54 1 682
0 41 0 683
0 37 0 684
0 39 0 685
0 48 0 686
0 47 0 687
0 32 1 688
0 37 0 689
0 42 0 690
0 26 0 691
0 44 0 692
0 34 1 693
0 40 0 694
0 41 1 695
0 33 1 696
0 28 0 697
0 42 1 698
0 26 0 699
0 35 0 700
0 30 0 701
0 46 0 702
0 41 1 703
0 27 1 704
0 54 1 705
0 29 0 706
0 27 1 707
0 35 0 708
0 43 0 709
0 27 1 710
0 39 0 711
0 53 0 712
0 31 0 713
0 30 0 714
0 37 1 715
0 51 1 716
0 43 1 717
0 45 0 718
0 25 0 719
1 28 0 720
0 26 1 721
0 39 1 722
1 27 1 723
1 32 0 724
0 31 0 725
0 42 1 726
0 39 1 727
0 41 0 728
0 50 1 729
0 31 0 730
0 51 0 731
0 32 1 732
0 36 0 733
0 30 1 734
1 31 0 735
0 43 1 736
0 50 0 737
0 34 1 738
0 46 0 739
0 37 1 740
0 37 1 741
0 35 0 742
0 41 1 743
0 41 1 744
0 48 1 745
0 33 0 746
0 26 0 747
0 49 0 748
0 44 0 749
0 29 1 750
1 52 0 751
0 55 0 752
0 32 1 753
0 41 1 754
0 42 1 755
0 34 0 756
0 33 1 757
0 38 0 758
0 51 0 759
1 30 1 760
0 38 0 761
0 52 1 762
0 25 1 763
0 53 0 764
0 40 0 765
0 33 0 766
0 34 0 767
1 54 0 768
0 43 1 769
0 53 0 770
0 42 1 771
0 51 1 772
0 50 1 773
0 37 0 774
0 51 0 775
0 50 0 776
0 28 0 777
0 48 1 778
0 36 0 779
0 48 0 780
0 44 0 781
0 33 1 782
0 49 1 783
0 35 1 784
0 36 1 785
0 40 0 786
0 42 1 787
0 53 1 788
0 37 1 789
0 42 0 790
1 37 0 791
0 36 1 792
0 48 0 793
0 42 1 794
0 52 0 795
0 41 1 796
0 40 0 797
0 29 0 798
0 39 0 799
0 50 1 800
0 39 1 801
0 36 1 802
0 50 0 803
0 39 1 804
0 33 0 805
0 47 1 806
0 47 0 807
0 25 0 808
0 45 0 809
0 43 1 810
0 40 0 811
0 35 1 812
0 54 0 813
0 43 1 814
0 53 0 815
0 33 1 816
0 26 0 817
0 39 0 818
0 32 1 819
0 30 1 820
0 49 1 821
0 45 1 822
0 39 0 823
0 32 0 824
0 44 0 825
1 32 0 826
0 33 1 827
0 49 1 828
0 50 0 829
0 31 0 830
0 44 1 831
0 42 1 832
0 52 1 833
0 43 0 834
0 38 1 835
0 51 1 836
0 36 1 837
0 36 1 838
0 34 0 839
0 42 1 840
0 44 0 841
0 40 0 842
0 47 0 843
0 35 0 844
0 45 0 845
0 37 1 846
0 39 0 847
0 30 1 848
0 37 1 849
0 43 1 850
0 54 0 851
0 28 0 852
0 54 1 853
0 54 1 854
0 44 1 855
0 43 1 856
0 27 0 857
0 52 1 858
0 48 0 859
0 38 1 860
0 47 0 861
0 40 0 862
0 48 1 863
0 39 0 864
0 45 1 865
0 50 0 866
0 55 1 867
0 33 0 868
0 38 0 869
0 41 1 870
0 32 0 871
1 37 0 872
0 35 0 873
0 48 1 874
0 32 1 875
0 35 1 876
0 55 0 877
0 52 1 878
0 28 1 879
0 39 0 880
0 46 0 881
0 42 1 882
0 27 0 883
0 36 0 884
0 32 1 885
1 30 1 886
0 53 1 887
1 39 0 888
0 51 0 889
1 25 1 890
0 30 0 891
0 44 1 892
0 33 0 893
0 41 1 894
0 27 1 895
0 47 1 896
1 41 0 897
1 27 0 898
0 47 0 899
0 36 0 900
0 27 0 901
0 31 1 902
0 37 1 903
0 25 0 904
0 52 1 905
0 55 1 906
1 40 0 907
0 37 1 908
0 28 1 909
0 45 0 910
0 54 0 911
0 40 1 912
0 39 1 913
0 25 1 914
0 53 1 915
1 43 0 916
0 44 1 917
0 35 1 918
0 28 1 919
0 45 0 920
0 33 1 921
0 38 0 922
0 29 0 923
0 35 1 924
0 32 0 925
0 28 1 926
0 43 0 927
0 47 0 928
1 44 0 929
0 54 1 930
0 43 1 931
0 29 1 932
0 29 1 933
0 33 1 934
1 39 0 935
0 54 1 936
0 48 1 937
0 31 0 938
0 55 0 939
1 36 0 940
0 35 1 941
0 25 0 942
0 37 0 943
0 47 0 944
1 30 1 945
0 55 1 946
0 52 0 947
0 45 0 948
0 34 1 949
0 34 1 950
0 43 0 951
0 47 0 952
0 34 1 953
0 39 1 954
0 41 0 955
0 33 1 956
0 50 1 957
1 26 0 958
0 31 1 959
0 53 1 960
0 44 0 961
0 36 0 962
0 41 0 963
0 47 0 964
0 52 1 965
0 40 0 966
0 38 0 967
0 27 0 968
0 51 1 969
0 42 0 970
0 48 1 971
0 36 0 972
0 31 0 973
0 46 0 974
0 39 1 975
0 36 0 976
0 38 0 977
0 53 0 978
0 48 0 979
0 50 0 980
0 26 0 981
0 45 1 982
0 50 0 983
0 28 0 984
0 31 1 985
0 31 1 986
0 51 1 987
0 34 1 988
1 32 0 989
0 43 0 990
0 48 0 991
0 50 1 992
0 35 0 993
0 51 0 994
0 49 1 995
0 37 1 996
0 28 1 997
0 55 1 998
0 45 0 999
0 37 0 1000
0 54 0 1001
1 67 0 1002
0 66 0 1003
0 68 0 1004
0 61 0 1005
0 58 0 1006
0 59 0 1007
0 50 0 1008
1 46 0 1009
0 45 0 1010
0 61 0 1011
0 69 0 1012
0 56 0 1013
0 74 0 1014
0 64 0 1015
0 60 0 1016
0 60 0 1017
0 54 0 1018
1 56 0 1019
0 65 0 1020
0 57 0 1021
0 64 0 1022
0 48 0 1023
0 47 0 1024
0 48 0 1025
0 53 0 1026
0 62 0 1027
0 68 0 1028
0 47 0 1029
0 57 0 1030
0 49 0 1031
0 51 0 1032
0 57 0 1033
0 70 0 1034
0 49 0 1035
0 49 0 1036
0 66 0 1037
0 66 0 1038
0 48 0 1039
0 69 0 1040
0 72 0 1041
0 49 0 1042
0 66 0 1043
1 54 0 1044
0 57 0 1045
0 55 0 1046
0 51 0 1047
0 48 0 1048
0 45 0 1049
0 52 0 1050
0 73 0 1051
0 74 0 1052
0 47 0 1053
0 66 0 1054
0 55 0 1055
1 71 0 1056
0 73 0 1057
0 74 0 1058
0 65 0 1059
1 47 0 1060
0 49 0 1061
0 72 0 1062
0 56 0 1063
0 48 0 1064
0 70 0 1065
0 50 0 1066
0 68 0 1067
0 46 0 1068
0 66 0 1069
0 61 0 1070
0 71 0 1071
0 51 0 1072
0 66 0 1073
0 68 0 1074
0 73 0 1075
0 56 0 1076
1 75 0 1077
0 70 0 1078
0 66 0 1079
0 74 0 1080
0 57 0 1081
1 65 0 1082
0 56 0 1083
0 68 0 1084
0 74 0 1085
0 71 0 1086
0 51 0 1087
0 75 0 1088
0 47 0 1089
0 65 0 1090
0 61 0 1091
0 66 0 1092
0 46 0 1093
0 69 0 1094
0 54 0 1095
1 51 0 1096
0 73 0 1097
0 66 0 1098
0 74 0 1099
0 50 0 1100
0 65 0 1101
0 58 0 1102
1 55 0 1103
0 53 0 1104
0 73 0 1105
0 59 0 1106
0 54 0 1107
0 68 0 1108
0 54 0 1109
0 45 0 1110
0 50 0 1111
0 56 0 1112
0 51 0 1113
0 68 0 1114
0 58 0 1115
0 60 0 1116
1 56 0 1117
1 51 0 1118
0 75 0 1119
0 62 0 1120
0 62 0 1121
0 45 0 1122
0 67 0 1123
0 52 0 1124
0 70 0 1125
0 65 0 1126
0 57 0 1127
0 57 0 1128
1 45 0 1129
0 52 0 1130
0 58 0 1131
0 53 0 1132
0 53 0 1133
0 45 0 1134
0 69 0 1135
0 52 0 1136
0 64 0 1137
0 53 0 1138
0 63 0 1139
0 72 0 1140
0 72 0 1141
0 69 0 1142
0 60 0 1143
0 62 0 1144
1 67 0 1145
0 75 0 1146
0 47 0 1147
0 53 0 1148
0 58 0 1149
0 52 0 1150
1 60 0 1151
0 57 0 1152
0 58 0 1153
1 73 0 1154
0 66 0 1155
0 68 0 1156
0 68 0 1157
0 59 0 1158
0 63 0 1159
0 45 0 1160
1 64 0 1161
0 73 0 1162
0 45 0 1163
0 55 0 1164
0 52 0 1165
0 71 0 1166
0 47 0 1167
0 54 0 1168
0 69 0 1169
0 60 0 1170
0 56 0 1171
0 45 0 1172
1 65 0 1173
0 65 0 1174
0 62 0 1175
0 47 0 1176
0 47 0 1177
0 53 0 1178
0 57 0 1179
0 70 0 1180
0 50 0 1181
1 69 0 1182
0 61 0 1183
0 55 0 1184
0 73 0 1185
0 59 0 1186
0 72 0 1187
0 56 0 1188
0 75 0 1189
0 70 0 1190
0 57 0 1191
0 67 0 1192
0 47 0 1193
0 55 0 1194
0 48 0 1195
0 62 0 1196
0 53 0 1197
0 66 0 1198
0 66 0 1199
0 63 0 1200
0 73 0 1201
0 48 0 1202
0 67 0 1203
0 72 0 1204
0 47 0 1205
0 68 0 1206
0 61 0 1207
1 56 0 1208
0 69 0 1209
0 46 0 1210
0 51 0 1211
0 65 0 1212
0 46 0 1213
0 70 0 1214
0 63 0 1215
1 64 0 1216
0 72 0 1217
0 64 0 1218
0 47 0 1219
0 71 0 1220
0 56 0 1221
0 72 0 1222
0 64 0 1223
0 54 0 1224
0 46 0 1225
0 59 0 1226
0 73 0 1227
0 72 0 1228
0 45 0 1229
0 71 0 1230
1 74 0 1231
0 51 0 1232
0 53 0 1233
1 59 0 1234
0 56 0 1235
0 54 0 1236
0 71 0 1237
0 54 0 1238
0 75 0 1239
0 56 0 1240
0 57 0 1241
0 47 0 1242
0 63 0 1243
0 63 0 1244
0 72 0 1245
0 70 0 1246
0 56 0 1247
0 47 0 1248
0 61 0 1249
0 56 0 1250
0 46 0 1251
0 73 0 1252
1 71 0 1253
0 47 0 1254
0 67 0 1255
0 52 0 1256
0 56 0 1257
0 55 0 1258
0 73 0 1259
0 75 0 1260
0 55 0 1261
0 70 0 1262
0 47 0 1263
0 49 0 1264
0 71 0 1265
0 52 0 1266
0 69 0 1267
0 59 0 1268
0 61 0 1269
0 65 0 1270
0 59 0 1271
0 51 0 1272
0 56 0 1273
0 62 0 1274
0 59 0 1275
0 47 0 1276
0 46 0 1277
0 56 0 1278
0 47 0 1279
0 52 0 1280
0 72 0 1281
0 64 0 1282
0 57 0 1283
0 47 0 1284
0 60 0 1285
0 72 0 1286
0 61 0 1287
1 58 0 1288
0 56 0 1289
0 67 0 1290
0 60 0 1291
0 64 0 1292
0 48 0 1293
1 54 0 1294
0 72 0 1295
0 64 0 1296
0 50 0 1297
1 53 0 1298
0 60 0 1299
0 54 0 1300
0 47 0 1301
0 62 0 1302
0 57 0 1303
0 51 0 1304
0 62 0 1305
0 46 0 1306
0 72 0 1307
0 65 0 1308
0 48 0 1309
0 57 0 1310
0 64 0 1311
0 48 0 1312
0 53 0 1313
0 56 0 1314
0 56 0 1315
0 46 0 1316
0 49 0 1317
0 56 0 1318
0 50 0 1319
0 59 0 1320
0 67 0 1321
1 53 0 1322
0 56 0 1323
0 71 0 1324
0 54 0 1325
0 52 0 1326
0 52 0 1327
0 62 0 1328
0 52 0 1329
1 51 0 1330
0 61 0 1331
0 46 0 1332
0 66 0 1333
1 50 0 1334
0 56 0 1335
0 63 0 1336
0 72 0 1337
0 71 0 1338
1 53 0 1339
0 62 0 1340
0 70 0 1341
0 72 0 1342
0 58 0 1343
0 65 0 1344
0 75 0 1345
0 57 0 1346
0 46 0 1347
0 56 0 1348
0 74 0 1349
0 72 0 1350
0 62 0 1351
0 56 0 1352
0 51 0 1353
0 70 0 1354
0 56 0 1355
0 74 0 1356
0 65 0 1357
0 52 0 1358
0 59 0 1359
1 64 0 1360
0 67 0 1361
0 48 0 1362
1 54 0 1363
0 54 0 1364
0 68 0 1365
0 70 0 1366
0 46 0 1367
0 51 0 1368
0 64 0 1369
1 66 0 1370
0 45 0 1371
1 71 0 1372
0 52 0 1373
0 49 0 1374
0 69 0 1375
0 65 0 1376
0 53 0 1377
0 61 0 1378
0 51 0 1379
0 59 0 1380
0 57 0 1381
0 46 0 1382
0 74 0 1383
0 57 0 1384
0 54 0 1385
0 75 0 1386
0 64 0 1387
0 54 0 1388
0 48 0 1389
0 54 0 1390
0 51 0 1391
0 70 0 1392
0 59 0 1393
0 52 0 1394
0 64 0 1395
0 58 0 1396
0 63 0 1397
0 57 0 1398
0 56 0 1399
0 67 0 1400
0 61 0 1401
0 71 0 1402
0 73 0 1403
0 71 0 1404
1 73 0 1405
0 48 0 1406
0 50 0 1407
0 65 0 1408
0 52 0 1409
0 57 0 1410
0 65 0 1411
0 70 0 1412
0 64 0 1413
0 58 0 1414
0 54 0 1415
0 53 0 1416
0 54 0 1417
0 53 0 1418
0 50 0 1419
0 51 0 1420
0 72 0 1421
1 74 0 1422
0 53 0 1423
0 68 0 1424
0 62 0 1425
0 51 0 1426
0 59 0 1427
0 50 0 1428
0 70 0 1429
0 73 0 1430
0 68 0 1431
0 74 0 1432
0 48 0 1433
0 61 0 1434
0 52 0 1435
0 59 0 1436
0 65 0 1437
0 48 0 1438
0 54 0 1439
0 53 0 1440
0 67 0 1441
1 49 0 1442
0 67 0 1443
0 65 0 1444
1 65 0 1445
0 66 0 1446
0 64 0 1447
0 47 0 1448
1 68 0 1449
0 70 0 1450
0 63 0 1451
0 46 0 1452
0 73 0 1453
0 67 0 1454
0 58 0 1455
0 51 0 1456
0 60 0 1457
0 63 0 1458
0 62 0 1459
0 60 0 1460
0 57 0 1461
0 51 0 1462
0 67 0 1463
1 62 0 1464
0 46 0 1465
1 64 0 1466
0 55 0 1467
0 73 0 1468
0 53 0 1469
0 73 0 1470
1 48 0 1471
0 56 0 1472
0 56 0 1473
0 71 0 1474
0 55 0 1475
0 49 0 1476
0 68 0 1477
0 59 0 1478
0 66 0 1479
0 62 0 1480
0 47 0 1481
0 63 0 1482
0 50 0 1483
0 54 0 1484
0 45 0 1485
0 45 0 1486
0 62 0 1487
0 72 0 1488
0 71 0 1489
0 67 0 1490
0 54 0 1491
0 74 0 1492
0 46 0 1493
0 58 0 1494
0 59 0 1495
0 73 0 1496
0 71 0 1497
0 66 0 1498
0 59 0 1499
0 70 0 1500
1 65 1 1501
0 69 1 1502
0 56 1 1503
0 51 1 1504
0 62 1 1505
0 73 1 1506
0 51 1 1507
0 71 1 1508
0 63 1 1509
0 56 1 1510
0 73 1 1511
0 58 1 1512
0 67 1 1513
0 63 1 1514
0 57 1 1515
0 46 1 1516
1 50 1 1517
0 61 1 1518
0 49 1 1519
0 53 1 1520
0 55 1 1521
0 57 1 1522
0 74 1 1523
0 73 1 1524
0 56 1 1525
0 47 1 1526
0 65 1 1527
0 67 1 1528
0 50 1 1529
0 50 1 1530
0 45 1 1531
0 51 1 1532
0 63 1 1533
0 67 1 1534
0 55 1 1535
1 46 1 1536
0 58 1 1537
0 53 1 1538
0 56 1 1539
0 71 1 1540
0 74 1 1541
0 55 1 1542
0 67 1 1543
0 59 1 1544
0 71 1 1545
0 49 1 1546
0 71 1 1547
0 55 1 1548
0 69 1 1549
0 57 1 1550
1 50 1 1551
0 62 1 1552
0 51 1 1553
0 71 1 1554
0 58 1 1555
0 60 1 1556
0 62 1 1557
0 64 1 1558
0 65 1 1559
0 47 1 1560
0 72 1 1561
0 59 1 1562
0 69 1 1563
0 67 1 1564
1 47 1 1565
0 70 1 1566
0 58 1 1567
0 61 1 1568
0 62 1 1569
0 68 1 1570
0 72 1 1571
0 65 1 1572
0 69 1 1573
0 62 1 1574
0 59 1 1575
0 73 1 1576
0 72 1 1577
1 71 1 1578
0 63 1 1579
0 64 1 1580
1 59 1 1581
0 60 1 1582
0 71 1 1583
0 48 1 1584
0 57 1 1585
0 53 1 1586
1 51 1 1587
0 61 1 1588
0 56 1 1589
0 72 1 1590
0 54 1 1591
0 47 1 1592
0 54 1 1593
0 62 1 1594
0 53 1 1595
0 68 1 1596
0 58 1 1597
1 71 1 1598
0 60 1 1599
0 70 1 1600
0 68 1 1601
0 74 1 1602
0 75 1 1603
0 53 1 1604
0 49 1 1605
0 68 1 1606
0 72 1 1607
0 50 1 1608
0 50 1 1609
0 69 1 1610
1 64 1 1611
0 60 1 1612
0 62 1 1613
0 74 1 1614
0 57 1 1615
1 51 1 1616
0 47 1 1617
0 71 1 1618
1 57 1 1619
0 72 1 1620
0 53 1 1621
0 53 1 1622
0 62 1 1623
0 63 1 1624
0 53 1 1625
0 58 1 1626
0 56 1 1627
0 71 1 1628
0 70 1 1629
0 73 1 1630
0 54 1 1631
0 69 1 1632
1 52 1 1633
0 64 1 1634
0 45 1 1635
0 66 1 1636
0 67 1 1637
0 55 1 1638
0 51 1 1639
0 73 1 1640
0 57 1 1641
0 67 1 1642
0 50 1 1643
0 52 1 1644
0 56 1 1645
0 72 1 1646
1 75 1 1647
0 60 1 1648
0 52 1 1649
0 75 1 1650
0 60 1 1651
0 71 1 1652
0 71 1 1653
0 64 1 1654
0 50 1 1655
0 68 1 1656
0 73 1 1657
0 51 1 1658
0 75 1 1659
0 51 1 1660
0 58 1 1661
1 61 1 1662
0 47 1 1663
0 51 1 1664
0 52 1 1665
0 51 1 1666
0 48 1 1667
0 58 1 1668
0 68 1 1669
0 49 1 1670
0 73 1 1671
0 53 1 1672
0 68 1 1673
0 56 1 1674
0 58 1 1675
0 68 1 1676
1 57 1 1677
0 53 1 1678
1 58 1 1679
0 66 1 1680
0 68 1 1681
0 54 1 1682
0 56 1 1683
0 70 1 1684
1 74 1 1685
0 67 1 1686
0 66 1 1687
0 55 1 1688
0 60 1 1689
0 75 1 1690
0 68 1 1691
0 69 1 1692
0 63 1 1693
0 73 1 1694
0 48 1 1695
0 68 1 1696
0 71 1 1697
0 67 1 1698
0 46 1 1699
0 73 1 1700
0 69 1 1701
0 59 1 1702
0 53 1 1703
0 72 1 1704
0 53 1 1705
0 74 1 1706
0 68 1 1707
0 67 1 1708
0 49 1 1709
0 49 1 1710
0 70 1 1711
0 73 1 1712
0 51 1 1713
0 62 1 1714
0 73 1 1715
0 60 1 1716
0 64 1 1717
1 59 1 1718
0 68 1 1719
0 46 1 1720
0 59 1 1721
0 56 1 1722
0 69 1 1723
1 68 1 1724
0 66 1 1725
0 48 1 1726
0 56 1 1727
0 54 1 1728
0 60 1 1729
0 66 1 1730
0 51 1 1731
0 64 1 1732
0 46 1 1733
0 50 1 1734
0 72 1 1735
0 63 1 1736
0 65 1 1737
0 71 1 1738
0 65 1 1739
0 56 1 1740
0 71 1 1741
0 73 1 1742
0 55 1 1743
0 54 1 1744
0 55 1 1745
0 61 1 1746
0 51 1 1747
0 72 1 1748
0 49 1 1749
0 73 1 1750
0 58 1 1751
0 73 1 1752
0 49 1 1753
0 48 1 1754
0 61 1 1755
0 62 1 1756
0 47 1 1757
0 62 1 1758
0 71 1 1759
0 45 1 1760
0 48 1 1761
0 48 1 1762
0 55 1 1763
0 61 1 1764
0 57 1 1765
0 64 1 1766
0 73 1 1767
0 58 1 1768
1 54 1 1769
0 57 1 1770
0 48 1 1771
1 74 1 1772
1 60 1 1773
0 68 1 1774
0 48 1 1775
0 74 1 1776
0 52 1 1777
1 65 1 1778
0 69 1 1779
0 58 1 1780
0 60 1 1781
0 52 1 1782
0 73 1 1783
0 61 1 1784
0 71 1 1785
1 58 1 1786
0 51 1 1787
1 54 1 1788
0 46 1 1789
0 46 1 1790
1 68 1 1791
0 57 1 1792
0 56 1 1793
0 73 1 1794
0 51 1 1795
0 69 1 1796
0 72 1 1797
0 58 1 1798
0 72 1 1799
0 54 1 1800
0 69 1 1801
0 73 1 1802
0 67 1 1803
0 66 1 1804
0 71 1 1805
0 58 1 1806
0 63 1 1807
0 67 1 1808
0 73 1 1809
0 60 1 1810
0 66 1 1811
0 50 1 1812
0 56 1 1813
0 57 1 1814
0 47 1 1815
0 62 1 1816
0 60 1 1817
1 49 1 1818
0 54 1 1819
1 61 1 1820
0 60 1 1821
0 60 1 1822
0 61 1 1823
0 47 1 1824
0 46 1 1825
0 56 1 1826
0 75 1 1827
0 50 1 1828
0 69 1 1829
0 71 1 1830
0 67 1 1831
0 59 1 1832
0 64 1 1833
0 59 1 1834
0 69 1 1835
0 49 1 1836
0 53 1 1837
0 71 1 1838
0 68 1 1839
0 51 1 1840
0 73 1 1841
0 51 1 1842
0 74 1 1843
0 60 1 1844
0 62 1 1845
0 46 1 1846
0 66 1 1847
0 60 1 1848
0 74 1 1849
0 61 1 1850
0 63 1 1851
0 67 1 1852
0 59 1 1853
0 67 1 1854
0 70 1 1855
0 68 1 1856
0 60 1 1857
0 72 1 1858
0 58 1 1859
0 49 1 1860
0 49 1 1861
1 52 1 1862
0 58 1 1863
0 51 1 1864
0 70 1 1865
0 72 1 1866
0 48 1 1867
0 71 1 1868
0 69 1 1869
0 57 1 1870
0 48 1 1871
0 45 1 1872
0 49 1 1873
0 65 1 1874
0 53 1 1875
0 50 1 1876
0 70 1 1877
0 50 1 1878
0 47 1 1879
0 51 1 1880
1 64 1 1881
0 64 1 1882
0 53 1 1883
0 68 1 1884
1 48 1 1885
0 66 1 1886
0 54 1 1887
0 67 1 1888
0 57 1 1889
0 56 1 1890
0 59 1 1891
0 52 1 1892
0 54 1 1893
0 70 1 1894
0 59 1 1895
0 50 1 1896
0 73 1 1897
0 56 1 1898
0 58 1 1899
0 74 1 1900
0 74 1 1901
0 49 1 1902
0 46 1 1903
0 51 1 1904
0 70 1 1905
0 70 1 1906
0 66 1 1907
0 49 1 1908
0 74 1 1909
0 47 1 1910
0 54 1 1911
0 54 1 1912
0 72 1 1913
0 70 1 1914
1 73 1 1915
0 62 1 1916
0 65 1 1917
0 55 1 1918
1 74 1 1919
0 58 1 1920
0 56 1 1921
0 72 1 1922
0 60 1 1923
0 53 1 1924
0 51 1 1925
0 71 1 1926
0 46 1 1927
0 49 1 1928
1 52 1 1929
1 60 1 1930
1 73 1 1931
0 54 1 1932
0 54 1 1933
0 45 1 1934
0 48 1 1935
0 57 1 1936
0 67 1 1937
0 61 1 1938
0 61 1 1939
0 74 1 1940
0 58 1 1941
1 62 1 1942
0 60 1 1943
0 55 1 1944
0 46 1 1945
0 64 1 1946
0 72 1 1947
0 50 1 1948
0 50 1 1949
0 54 1 1950
0 54 1 1951
0 58 1 1952
0 68 1 1953
0 63 1 1954
0 53 1 1955
1 51 1 1956
0 71 1 1957
0 68 1 1958
0 66 1 1959
0 51 1 1960
0 55 1 1961
0 63 1 1962
0 72 1 1963
0 64 1 1964
0 46 1 1965
0 50 1 1966
0 64 1 1967
0 66 1 1968
0 52 1 1969
0 59 1 1970
1 57 1 1971
0 66 1 1972
0 45 1 1973
0 72 1 1974
1 58 1 1975
0 49 1 1976
0 58 1 1977
0 54 1 1978
0 47 1 1979
0 49 1 1980
0 67 1 1981
0 48 1 1982
0 46 1 1983
0 56 1 1984
0 46 1 1985
0 64 1 1986
0 69 1 1987
0 63 1 1988
0 55 1 1989
1 60 1 1990
0 69 1 1991
0 71 1 1992
0 59 1 1993
0 71 1 1994
1 63 1 1995
0 64 1 1996
0 72 1 1997
0 52 1 1998
0 52 1 1999
0 50 1 2000
